0.239007	0.043173	0.032849	0.016321	0.004893	0.028479	0.020131	0.016508	0.024228	0.009963	0.041573	-0.067721	0.018375	0.014670	0.003703	0.017837	0.004460	-0.068918	0.010370	0.025385	0.051986	0.016505	-0.063420	-0.116902	0.031674	-0.041786	-0.072251	0.014283	0.026564	-0.120163	0.005606	0.010941	-0.056400	-0.052740	0.063516	-0.036309	0.042752	-0.063862	0.020657	0.023564	
0.043173	0.247836	0.034910	0.012192	0.007391	0.024936	0.015929	0.025781	0.033023	0.003342	0.044639	-0.067254	0.009870	0.013009	0.005952	0.018760	0.002475	-0.063083	0.007163	0.016178	0.060409	0.016802	-0.066390	-0.114398	0.024164	-0.037199	-0.065287	0.009163	0.028362	-0.118578	0.005632	0.006736	-0.056212	-0.049062	0.063633	-0.031724	0.033646	-0.059185	0.019852	0.017328	
0.032849	0.034910	0.238662	0.002603	0.007967	0.037762	0.018005	0.016548	0.031673	0.000250	0.057758	-0.064591	0.010067	0.008756	0.005620	0.015982	0.002301	-0.055703	0.009942	0.019985	0.049193	0.012891	-0.062529	-0.114276	0.051367	-0.042203	-0.061056	0.005081	0.043891	-0.115908	0.003732	0.006252	-0.059894	-0.051889	0.057264	-0.035469	0.031315	-0.066432	0.018790	0.017864	
0.016321	0.012192	0.002603	0.395765	0.097803	0.005730	0.049973	0.056814	0.010212	0.133773	-0.087912	-0.088956	0.137064	0.135368	0.153848	0.036317	0.129794	-0.084928	0.145928	0.043373	-0.096211	0.119126	-0.087251	-0.300299	0.007806	-0.217077	-0.090645	0.109281	0.005130	-0.306339	0.154309	0.142394	-0.132434	-0.144680	-0.103843	-0.215013	-0.019748	-0.083467	0.101385	0.054377	
0.004893	0.007391	0.007967	0.097803	0.295874	0.009294	0.042970	0.056224	0.019640	0.087416	-0.042557	-0.082134	0.083464	0.080779	0.101845	0.040523	0.087428	-0.065575	0.094215	0.034178	-0.047671	0.067793	-0.081812	-0.233691	0.012226	-0.153367	-0.080750	0.099335	0.002036	-0.236476	0.097114	0.089114	-0.076149	-0.107783	-0.058798	-0.153883	0.023287	-0.082062	0.065332	0.042505	
0.028479	0.024936	0.037762	0.005730	0.009294	0.251380	0.021506	0.011264	0.027278	0.006558	0.052772	-0.063940	0.007253	0.006251	0.005261	0.014315	0.006679	-0.056033	0.009786	0.009541	0.037833	0.014619	-0.056943	-0.105185	0.044532	-0.039798	-0.058174	0.007388	0.045102	-0.107039	0.004416	0.006804	-0.057152	-0.039144	0.045155	-0.037689	0.024368	-0.052114	0.019420	0.013217	
0.020131	0.015929	0.018005	0.049973	0.042970	0.021506	0.251380	0.052253	0.019535	0.050486	0.025203	-0.079712	0.043036	0.044630	0.048093	0.048210	0.039893	-0.074164	0.047737	0.061330	0.005958	0.048399	-0.074126	-0.174823	0.013763	-0.100400	-0.069410	0.051102	0.018436	-0.182648	0.045932	0.042424	-0.076904	-0.108126	-0.001839	-0.098147	0.024819	-0.073941	0.029483	0.059315	
0.016508	0.025781	0.016548	0.056814	0.056224	0.011264	0.052253	0.260687	0.021017	0.049128	0.024740	-0.081862	0.049390	0.047540	0.058903	0.049611	0.050343	-0.069426	0.053680	0.049653	0.012627	0.054070	-0.073675	-0.192151	0.016010	-0.103051	-0.078460	0.052509	0.014537	-0.194301	0.055342	0.048356	-0.077018	-0.106256	-0.005897	-0.101935	0.019181	-0.086780	0.021177	0.057264	
0.024228	0.033023	0.031673	0.010212	0.019640	0.027278	0.019535	0.021017	0.218994	0.024554	0.037968	-0.071492	0.010303	0.008456	0.025204	0.030169	0.025378	-0.060917	0.014408	0.027258	0.047589	0.010389	-0.066349	-0.129035	0.027211	-0.049461	-0.056698	0.014371	0.023026	-0.124987	0.012178	0.013198	-0.060297	-0.054803	0.055147	-0.044385	0.041111	-0.068409	0.021736	0.021071	
0.009963	0.003342	0.000250	0.133773	0.087416	0.006558	0.050486	0.049128	0.024554	0.360281	-0.080686	-0.092641	0.121195	0.119496	0.145658	0.045404	0.136890	-0.093457	0.136777	0.051196	-0.090278	0.110718	-0.089553	-0.284989	0.007608	-0.199960	-0.076801	0.106201	0.012217	-0.291260	0.133132	0.131931	-0.125984	-0.136499	-0.101541	-0.198594	-0.012379	-0.079833	0.092909	0.057515	
0.041573	0.044639	0.057758	-0.087912	-0.042557	0.052772	0.025203	0.024740	0.037968	-0.080686	0.460080	-0.053952	-0.073750	-0.073716	-0.087020	0.029344	-0.083055	-0.044654	-0.084758	0.025984	0.162563	-0.051167	-0.045657	-0.001513	0.051067	0.070803	-0.057592	-0.046379	0.058280	-0.000706	-0.084024	-0.083947	-0.013175	-0.015249	0.158326	0.072103	0.074102	-0.070604	-0.054396	0.019201	
-0.067721	-0.067254	-0.064591	-0.088956	-0.082134	-0.063940	-0.079712	-0.081862	-0.071492	-0.092641	-0.053952	0.562748	-0.086381	-0.084871	-0.092955	-0.078525	-0.087410	0.146309	-0.100680	-0.073817	-0.052328	-0.088397	0.157620	0.354226	-0.066055	0.165557	0.148652	-0.092901	-0.062930	0.356947	-0.082765	-0.094076	0.153274	0.153215	-0.048023	0.167369	-0.068935	0.151816	-0.085879	-0.075175	
0.018375	0.009870	0.010067	0.137064	0.083464	0.007253	0.043036	0.049390	0.010303	0.121195	-0.073750	-0.086381	0.351546	0.132754	0.133167	0.039907	0.120246	-0.077605	0.136277	0.040185	-0.085927	0.103385	-0.082067	-0.277456	0.010868	-0.193788	-0.080927	0.095943	0.006385	-0.279328	0.129036	0.124915	-0.119221	-0.130740	-0.096227	-0.193842	-0.019539	-0.075525	0.083547	0.049917	
0.014670	0.013009	0.008756	0.135368	0.080779	0.006251	0.044630	0.047540	0.008456	0.119496	-0.073716	-0.084871	0.132754	0.362615	0.132390	0.034911	0.119894	-0.084250	0.133610	0.037262	-0.089171	0.104782	-0.079110	-0.272691	0.007426	-0.194517	-0.078288	0.097021	0.006811	-0.280337	0.128295	0.123498	-0.114923	-0.130341	-0.095659	-0.190547	-0.017822	-0.072968	0.089153	0.051140	
0.003703	0.005952	0.005620	0.153848	0.101845	0.005261	0.048093	0.058903	0.025204	0.145658	-0.087020	-0.092955	0.133167	0.132390	0.382770	0.049604	0.146406	-0.082330	0.142955	0.051763	-0.092621	0.114439	-0.089816	-0.307670	0.005967	-0.216387	-0.081183	0.107225	0.003860	-0.315443	0.151566	0.138626	-0.135575	-0.150102	-0.107111	-0.212392	-0.019210	-0.088372	0.097855	0.056893	
0.017837	0.018760	0.015982	0.036317	0.040523	0.014315	0.048210	0.049611	0.030169	0.045404	0.029344	-0.078525	0.039907	0.034911	0.049604	0.249486	0.048611	-0.069978	0.039673	0.055305	0.021906	0.038580	-0.074797	-0.166823	0.014723	-0.088748	-0.061271	0.044979	0.006953	-0.165859	0.040919	0.039087	-0.068210	-0.098637	0.005056	-0.090119	0.029833	-0.080585	0.018342	0.043949	
0.004460	0.002475	0.002301	0.129794	0.087428	0.006679	0.039893	0.050343	0.025378	0.136890	-0.083055	-0.087410	0.120246	0.119894	0.146406	0.048611	0.368867	-0.085582	0.131133	0.050727	-0.085725	0.105595	-0.085057	-0.281449	0.005952	-0.192527	-0.064412	0.101451	0.007832	-0.284650	0.125787	0.128500	-0.122841	-0.133425	-0.100556	-0.196644	-0.016043	-0.078430	0.088435	0.047161	
-0.068918	-0.063083	-0.055703	-0.084928	-0.065575	-0.056033	-0.074164	-0.069426	-0.060917	-0.093457	-0.044654	0.146309	-0.077605	-0.084250	-0.082330	-0.069978	-0.085582	0.540988	-0.093767	-0.075812	-0.040689	-0.088504	0.132746	0.327278	-0.059821	0.160687	0.124318	-0.092582	-0.059703	0.335348	-0.078815	-0.090157	0.141248	0.148534	-0.039597	0.158685	-0.065799	0.130067	-0.079536	-0.074325	
0.010370	0.007163	0.009942	0.145928	0.094215	0.009786	0.047737	0.053680	0.014408	0.136777	-0.084758	-0.100680	0.136277	0.133610	0.142955	0.039673	0.131133	-0.093767	0.373312	0.046533	-0.090845	0.123743	-0.092332	-0.298613	0.013403	-0.209811	-0.086711	0.107403	0.010521	-0.302212	0.140769	0.143546	-0.129200	-0.140333	-0.099175	-0.208465	-0.015178	-0.085636	0.097220	0.054266	
0.025385	0.016178	0.019985	0.043373	0.034178	0.009541	0.061330	0.049653	0.027258	0.051196	0.025984	-0.073817	0.040185	0.037262	0.051763	0.055305	0.050727	-0.075812	0.046533	0.257462	0.017279	0.044143	-0.083256	-0.172858	0.016753	-0.093324	-0.056379	0.041928	0.015384	-0.179133	0.041477	0.041450	-0.081236	-0.110253	0.008501	-0.095810	0.023758	-0.084521	0.020836	0.060324	
0.051986	0.060409	0.049193	-0.096211	-0.047671	0.037833	0.005958	0.012627	0.047589	-0.090278	0.162563	-0.052328	-0.085927	-0.089171	-0.092621	0.021906	-0.085725	-0.040689	-0.090845	0.017279	0.492450	-0.059425	-0.045965	0.014519	0.041096	0.092125	-0.056157	-0.061947	0.045775	0.019351	-0.093432	-0.094959	-0.013631	0.007406	0.191326	0.094309	0.075711	-0.063854	-0.043752	0.009401	
0.016505	0.016802	0.012891	0.119126	0.067793	0.014619	0.048399	0.054070	0.010389	0.110718	-0.051167	-0.088397	0.103385	0.104782	0.114439	0.038580	0.105595	-0.088504	0.123743	0.044143	-0.059425	0.334454	-0.085723	-0.261415	0.013469	-0.175966	-0.077223	0.087763	0.012704	-0.264254	0.112848	0.118672	-0.114342	-0.135747	-0.073341	-0.176883	-0.018172	-0.077920	0.075369	0.054445	
-0.063420	-0.066390	-0.062529	-0.087251	-0.081812	-0.056943	-0.074126	-0.073675	-0.066349	-0.089553	-0.045657	0.157620	-0.082067	-0.079110	-0.089816	-0.074797	-0.085057	0.132746	-0.092332	-0.083256	-0.045965	-0.085723	0.551406	0.336611	-0.065822	0.161778	0.130263	-0.088482	-0.055717	0.343442	-0.080436	-0.089970	0.146907	0.156019	-0.046413	0.153639	-0.068182	0.143116	-0.082307	-0.074685	
-0.116902	-0.114398	-0.114276	-0.300299	-0.233691	-0.105185	-0.174823	-0.192151	-0.129035	-0.284989	-0.001513	0.354226	-0.277456	-0.272691	-0.307670	-0.166823	-0.281449	0.327278	-0.298613	-0.172858	0.014519	-0.261415	0.336611	1.945787	-0.115863	0.500926	0.324708	-0.258809	-0.104345	0.915591	-0.287683	-0.284564	0.374409	0.410662	0.024902	0.489390	-0.099028	0.336885	-0.234223	-0.192249	
0.031674	0.024164	0.051367	0.007806	0.012226	0.044532	0.013763	0.016010	0.027211	0.007608	0.051067	-0.066055	0.010868	0.007426	0.005967	0.014723	0.005952	-0.059821	0.013403	0.016753	0.041096	0.013469	-0.065822	-0.115863	0.230716	-0.044018	-0.062715	0.015545	0.048208	-0.120496	0.011906	0.010208	-0.054284	-0.050247	0.048852	-0.038478	0.034343	-0.064353	0.021016	0.019628	
-0.041786	-0.037199	-0.042203	-0.217077	-0.153367	-0.039798	-0.100400	-0.103051	-0.049461	-0.199960	0.070803	0.165557	-0.193788	-0.194517	-0.216387	-0.088748	-0.192527	0.160687	-0.209811	-0.093324	0.092125	-0.175966	0.161778	0.500926	-0.044018	0.877934	0.158218	-0.174226	-0.037537	0.508331	-0.210275	-0.199238	0.200611	0.242527	0.110507	0.316914	-0.016237	0.161836	-0.152386	-0.106499	
-0.072251	-0.065287	-0.061056	-0.090645	-0.080750	-0.058174	-0.069410	-0.078460	-0.056698	-0.076801	-0.057592	0.148652	-0.080927	-0.078288	-0.081183	-0.061271	-0.064412	0.124318	-0.086711	-0.056379	-0.056157	-0.077223	0.130263	0.324708	-0.062715	0.158218	0.565738	-0.089210	-0.063912	0.334901	-0.088426	-0.080362	0.141599	0.142854	-0.056941	0.148304	-0.069625	0.141089	-0.083482	-0.073428	
0.014283	0.009163	0.005081	0.109281	0.099335	0.007388	0.051102	0.052509	0.014371	0.106201	-0.046379	-0.092901	0.095943	0.097021	0.107225	0.044979	0.101451	-0.092582	0.107403	0.041928	-0.061947	0.087763	-0.088482	-0.258809	0.015545	-0.174226	-0.089210	0.332555	0.009810	-0.269781	0.102060	0.108025	-0.086944	-0.119087	-0.071014	-0.175366	0.025930	-0.090587	0.082562	0.054678	
0.026564	0.028362	0.043891	0.005130	0.002036	0.045102	0.018436	0.014537	0.023026	0.012217	0.058280	-0.062930	0.006385	0.006811	0.003860	0.006953	0.007832	-0.059703	0.010521	0.015384	0.045775	0.012704	-0.055717	-0.104345	0.048208	-0.037537	-0.063912	0.009810	0.236812	-0.110620	0.001610	0.008378	-0.061801	-0.046095	0.048334	-0.033214	0.029106	-0.059947	0.020162	0.018003	
-0.120163	-0.118578	-0.115908	-0.306339	-0.236476	-0.107039	-0.182648	-0.194301	-0.124987	-0.291260	-0.000706	0.356947	-0.279328	-0.280337	-0.315443	-0.165859	-0.284650	0.335348	-0.302212	-0.179133	0.019351	-0.264254	0.343442	0.915591	-0.120496	0.508331	0.334901	-0.269781	-0.110620	2.034474	-0.300212	-0.289160	0.382143	0.414754	0.030838	0.498641	-0.098701	0.339088	-0.240307	-0.197714	
0.005606	0.005632	0.003732	0.154309	0.097114	0.004416	0.045932	0.055342	0.012178	0.133132	-0.084024	-0.082765	0.129036	0.128295	0.151566	0.040919	0.125787	-0.078815	0.140769	0.041477	-0.093432	0.112848	-0.080436	-0.287683	0.011906	-0.210275	-0.088426	0.102060	0.001610	-0.300212	0.388982	0.134429	-0.127641	-0.146580	-0.102720	-0.202766	-0.014715	-0.079992	0.096533	0.051364	
0.010941	0.006736	0.006252	0.142394	0.089114	0.006804	0.042424	0.048356	0.013198	0.131931	-0.083947	-0.094076	0.124915	0.123498	0.138626	0.039087	0.128500	-0.090157	0.143546	0.041450	-0.094959	0.118672	-0.089970	-0.284564	0.010208	-0.199238	-0.080362	0.108025	0.008378	-0.289160	0.134429	0.376822	-0.129560	-0.137807	-0.099572	-0.195587	-0.011645	-0.077757	0.098748	0.053719	
-0.056400	-0.056212	-0.059894	-0.132434	-0.076149	-0.057152	-0.076904	-0.077018	-0.060297	-0.125984	-0.013175	0.153274	-0.119221	-0.114923	-0.135575	-0.068210	-0.122841	0.141248	-0.129200	-0.081236	-0.013631	-0.114342	0.146907	0.374409	-0.054284	0.200611	0.141599	-0.086944	-0.061801	0.382143	-0.127641	-0.129560	0.611918	0.175519	-0.007135	0.199054	-0.027938	0.148000	-0.101470	-0.081153	
-0.052740	-0.049062	-0.051889	-0.144680	-0.107783	-0.039144	-0.108126	-0.106256	-0.054803	-0.136499	-0.015249	0.153215	-0.130740	-0.130341	-0.150102	-0.098637	-0.133425	0.148534	-0.140333	-0.110253	0.007406	-0.135747	0.156019	0.410662	-0.050247	0.242527	0.142854	-0.119087	-0.046095	0.414754	-0.146580	-0.137807	0.175519	0.707009	0.029671	0.235971	-0.041523	0.155260	-0.079664	-0.109084	
0.063516	0.063633	0.057264	-0.103843	-0.058798	0.045155	-0.001839	-0.005897	0.055147	-0.101541	0.158326	-0.048023	-0.096227	-0.095659	-0.107111	0.005056	-0.100556	-0.039597	-0.099175	0.008501	0.191326	-0.073341	-0.046413	0.024902	0.048852	0.110507	-0.056941	-0.071014	0.048334	0.030838	-0.102720	-0.099572	-0.007135	0.029671	0.530371	0.118414	0.095578	-0.055308	-0.044332	-0.005164	
-0.036309	-0.031724	-0.035469	-0.215013	-0.153883	-0.037689	-0.098147	-0.101935	-0.044385	-0.198594	0.072103	0.167369	-0.193842	-0.190547	-0.212392	-0.090119	-0.196644	0.158685	-0.208465	-0.095810	0.094309	-0.176883	0.153639	0.489390	-0.038478	0.316914	0.148304	-0.175366	-0.033214	0.498641	-0.202766	-0.195587	0.199054	0.235971	0.118414	0.868027	-0.015311	0.144729	-0.146177	-0.106790	
0.042752	0.033646	0.031315	-0.019748	0.023287	0.024368	0.024819	0.019181	0.041111	-0.012379	0.074102	-0.068935	-0.019539	-0.017822	-0.019210	0.029833	-0.016043	-0.065799	-0.015178	0.023758	0.075711	-0.018172	-0.068182	-0.099028	0.034343	-0.016237	-0.069625	0.025930	0.029106	-0.098701	-0.014715	-0.011645	-0.027938	-0.041523	0.095578	-0.015311	0.299091	-0.072393	0.012422	0.017315	
-0.063862	-0.059185	-0.066432	-0.083467	-0.082062	-0.052114	-0.073941	-0.086780	-0.068409	-0.079833	-0.070604	0.151816	-0.075525	-0.072968	-0.088372	-0.080585	-0.078430	0.130067	-0.085636	-0.084521	-0.063854	-0.077920	0.143116	0.336885	-0.064353	0.161836	0.141089	-0.090587	-0.059947	0.339088	-0.079992	-0.077757	0.148000	0.155260	-0.055308	0.144729	-0.072393	0.593448	-0.071683	-0.082088	
0.020657	0.019852	0.018790	0.101385	0.065332	0.019420	0.029483	0.021177	0.021736	0.092909	-0.054396	-0.085879	0.083547	0.089153	0.097855	0.018342	0.088435	-0.079536	0.097220	0.020836	-0.043752	0.075369	-0.082307	-0.234223	0.021016	-0.152386	-0.083482	0.082562	0.020162	-0.240307	0.096533	0.098748	-0.101470	-0.079664	-0.044332	-0.146177	0.012422	-0.071683	0.317519	0.027894	
0.023564	0.017328	0.017864	0.054377	0.042505	0.013217	0.059315	0.057264	0.021071	0.057515	0.019201	-0.075175	0.049917	0.051140	0.056893	0.043949	0.047161	-0.074325	0.054266	0.060324	0.009401	0.054445	-0.074685	-0.192249	0.019628	-0.106499	-0.073428	0.054678	0.018003	-0.197714	0.051364	0.053719	-0.081153	-0.109084	-0.005164	-0.106790	0.017315	-0.082088	0.027894	0.250074	
