0.348288	0.022731	0.024101	-0.055455	-0.073089	0.021678	-0.036947	-0.041944	-0.004220	-0.071363	0.066593	0.009240	-0.055543	-0.054688	-0.089410	-0.032274	-0.070858	0.004671	-0.077781	-0.019273	0.072055	-0.057476	0.017101	0.101467	0.021284	0.082830	-0.011159	-0.054394	0.000717	0.108151	-0.083545	-0.074784	0.033448	0.042953	0.103266	0.095056	0.025876	0.015123	-0.051939	-0.026345	
0.022731	0.404147	0.026262	-0.075781	-0.063523	0.002336	-0.040835	-0.011112	0.017083	-0.089814	0.077139	-0.006481	-0.068944	-0.062751	-0.082488	-0.027649	-0.084611	0.015783	-0.078829	-0.041166	0.101231	-0.056749	0.007165	0.102047	-0.011065	0.100465	-0.005754	-0.073287	0.003948	0.104583	-0.079522	-0.073514	0.032718	0.055761	0.112987	0.102881	0.012712	0.019509	-0.045893	-0.039649	
0.024101	0.026262	0.316115	-0.086934	-0.068382	0.006481	-0.032306	-0.022969	0.014533	-0.088422	0.071533	0.012045	-0.072717	-0.076959	-0.080178	-0.029008	-0.082310	0.021421	-0.072261	-0.018750	0.073192	-0.057588	0.006496	0.095749	0.032319	0.099996	0.003444	-0.080568	0.023939	0.095665	-0.080411	-0.075245	0.021966	0.058957	0.108768	0.109400	0.021734	0.009177	-0.038115	-0.032114	
-0.055455	-0.075781	-0.086934	0.920352	0.219310	-0.064472	0.057105	0.078921	-0.066179	0.360686	-0.395463	-0.054143	0.362653	0.363846	0.398999	0.027667	0.352009	-0.070912	0.379574	0.047310	-0.439352	0.295709	-0.072014	-0.490582	-0.076947	-0.488297	-0.063151	0.259472	-0.077667	-0.509765	0.393844	0.382706	-0.208896	-0.254599	-0.478618	-0.490967	-0.185498	-0.026936	0.214900	0.077741	
-0.073089	-0.063523	-0.068382	0.219310	0.562950	-0.048897	0.051715	0.062882	-0.031805	0.208059	-0.226351	-0.044246	0.190640	0.191795	0.221372	0.038313	0.197991	-0.047566	0.217799	0.027881	-0.259354	0.132108	-0.061952	-0.304695	-0.041094	-0.293077	-0.055895	0.233837	-0.064217	-0.318165	0.223269	0.208000	-0.055662	-0.144027	-0.298075	-0.312307	-0.031235	-0.039040	0.131261	0.044946	
0.021678	0.002336	0.006481	-0.064472	-0.048897	0.373987	-0.030299	-0.053719	0.002312	-0.069570	0.064220	-0.002665	-0.060974	-0.050108	-0.064960	-0.029563	-0.065377	0.001208	-0.065241	-0.042469	0.053649	-0.040740	0.005328	0.075473	0.024162	0.074434	0.012931	-0.053968	0.029010	0.072094	-0.068830	-0.049554	0.024167	0.066492	0.080203	0.083746	0.010304	0.003230	-0.006177	-0.032869	
-0.036947	-0.040835	-0.032306	0.057105	0.051715	-0.030299	0.410064	0.077512	-0.031899	0.050872	-0.002419	-0.032908	0.051010	0.054445	0.054254	0.076246	0.038334	-0.015739	0.052510	0.090258	-0.056311	0.056214	-0.042363	-0.101602	-0.039448	-0.092346	-0.012576	0.061164	-0.026483	-0.110430	0.052791	0.043030	-0.020245	-0.128540	-0.105426	-0.108530	-0.021605	-0.043288	-0.030142	0.090196	
-0.041944	-0.011112	-0.022969	0.078921	0.062882	-0.053719	0.077512	0.420680	-0.028647	0.059695	-0.010232	-0.026949	0.060606	0.059912	0.074332	0.069236	0.058670	-0.030783	0.064284	0.070582	-0.060048	0.072203	-0.024930	-0.135520	-0.032165	-0.118039	-0.029182	0.078281	-0.036189	-0.139388	0.070465	0.070156	-0.034307	-0.133043	-0.125673	-0.119162	-0.047359	-0.048983	-0.023028	0.095291	
-0.004220	0.017083	0.014533	-0.066179	-0.031805	0.002312	-0.031899	-0.028647	0.333450	-0.040905	0.040422	-0.004973	-0.063722	-0.060355	-0.045822	-0.023561	-0.037234	0.007259	-0.050981	-0.026776	0.062117	-0.068284	0.001141	0.062805	0.008110	0.067798	0.015096	-0.053938	0.004984	0.072818	-0.055826	-0.049949	0.027664	0.039210	0.084171	0.075191	0.034100	0.000696	-0.028888	-0.030269	
-0.071363	-0.089814	-0.088422	0.360686	0.208059	-0.069570	0.050872	0.059695	-0.040905	0.829196	-0.374831	-0.070915	0.329116	0.318870	0.372929	0.044531	0.357299	-0.078582	0.357641	0.047786	-0.409281	0.277043	-0.068906	-0.458840	-0.066593	-0.448529	-0.046047	0.255927	-0.054701	-0.472959	0.356679	0.352802	-0.194098	-0.230304	-0.453000	-0.459112	-0.163396	-0.037805	0.207630	0.075810	
0.066593	0.077139	0.071533	-0.395463	-0.226351	0.064220	-0.002419	-0.010232	0.040422	-0.374831	1.104683	0.045558	-0.347063	-0.353403	-0.406054	0.012986	-0.382004	0.057443	-0.396312	0.003747	0.457834	-0.266625	0.057535	0.463036	0.053715	0.469076	0.033275	-0.266094	0.059346	0.474321	-0.384578	-0.375599	0.186294	0.164916	0.455838	0.465405	0.166500	-0.010049	-0.284335	-0.017662	
0.009240	-0.006481	0.012045	-0.054143	-0.044246	-0.002665	-0.032908	-0.026949	-0.004973	-0.070915	0.045558	0.326299	-0.053004	-0.050681	-0.068094	-0.030521	-0.058689	0.015825	-0.074847	-0.027490	0.057770	-0.055318	0.041932	0.082994	0.008706	0.091112	0.013240	-0.059501	0.009577	0.095971	-0.053550	-0.081088	0.026883	0.053584	0.085407	0.094425	0.007004	0.009547	-0.047637	-0.020267	
-0.055543	-0.068944	-0.072717	0.362653	0.190640	-0.060974	0.051010	0.060606	-0.063722	0.329116	-0.347063	-0.053004	0.800195	0.335441	0.354220	0.036790	0.319640	-0.067708	0.352903	0.045251	-0.392175	0.259159	-0.064894	-0.447220	-0.054870	-0.429884	-0.057056	0.232613	-0.059832	-0.462736	0.351366	0.336026	-0.193849	-0.234609	-0.438623	-0.433687	-0.179331	-0.028591	0.186792	0.062705	
-0.054688	-0.062751	-0.076959	0.363846	0.191795	-0.050108	0.054445	0.059912	-0.060355	0.318870	-0.353403	-0.050681	0.335441	0.784656	0.351978	0.029239	0.321195	-0.072195	0.352405	0.038254	-0.395085	0.259173	-0.063031	-0.443802	-0.073108	-0.434766	-0.048324	0.228213	-0.067775	-0.456245	0.340238	0.334503	-0.182316	-0.227258	-0.428065	-0.432860	-0.162885	-0.029038	0.188814	0.065049	
-0.089410	-0.082488	-0.080178	0.398999	0.221372	-0.064960	0.054254	0.074332	-0.045822	0.372929	-0.406054	-0.068094	0.354220	0.351978	0.914040	0.043687	0.374012	-0.058062	0.378457	0.042599	-0.432726	0.286677	-0.064564	-0.487272	-0.078908	-0.480490	-0.049172	0.251658	-0.071203	-0.510202	0.388240	0.377287	-0.208475	-0.252174	-0.483522	-0.479483	-0.191057	-0.033580	0.223050	0.067125	
-0.032274	-0.027649	-0.029008	0.027667	0.038313	-0.029563	0.076246	0.069236	-0.023561	0.044531	0.012986	-0.030521	0.036790	0.029239	0.043687	0.406091	0.044997	-0.020628	0.025908	0.074247	-0.023303	0.032717	-0.021435	-0.082106	-0.038130	-0.075338	-0.009407	0.053234	-0.045729	-0.077531	0.037464	0.037898	-0.009896	-0.107906	-0.082397	-0.079349	-0.013786	-0.044168	-0.044736	0.060218	
-0.070858	-0.084611	-0.082310	0.352009	0.197991	-0.065377	0.038334	0.058670	-0.037234	0.357299	-0.382004	-0.058689	0.319640	0.321195	0.374012	0.044997	0.836047	-0.078378	0.359148	0.043053	-0.395600	0.269055	-0.065690	-0.453023	-0.066377	-0.443781	-0.030334	0.251605	-0.063418	-0.469163	0.349171	0.349770	-0.200195	-0.229398	-0.447995	-0.448230	-0.167812	-0.029609	0.208309	0.057807	
0.004671	0.015783	0.021421	-0.070912	-0.047566	0.001208	-0.015739	-0.030783	0.007259	-0.078582	0.057443	0.015825	-0.067708	-0.072195	-0.058062	-0.020628	-0.078378	0.311300	-0.075563	-0.023657	0.078560	-0.058434	0.015839	0.099266	0.010071	0.096337	-0.001866	-0.075357	0.010022	0.105423	-0.068700	-0.075876	0.022643	0.048168	0.089047	0.099665	0.011861	0.014487	-0.032658	-0.027980	
-0.077781	-0.078829	-0.072261	0.379574	0.217799	-0.065241	0.052510	0.064284	-0.050981	0.357641	-0.396312	-0.074847	0.352903	0.352405	0.378457	0.025908	0.359148	-0.075563	0.882308	0.052254	-0.427997	0.294333	-0.085699	-0.483485	-0.065793	-0.475699	-0.048879	0.257057	-0.058077	-0.494919	0.373259	0.382245	-0.204138	-0.241991	-0.459561	-0.473047	-0.179298	-0.037688	0.216301	0.070855	
-0.019273	-0.041166	-0.018750	0.047310	0.027881	-0.042469	0.090258	0.070582	-0.026776	0.047786	0.003747	-0.027490	0.045251	0.038254	0.042599	0.074247	0.043053	-0.023657	0.052254	0.413541	-0.036621	0.046340	-0.041050	-0.083374	-0.028070	-0.078511	0.011847	0.035040	-0.032514	-0.095169	0.042408	0.044720	-0.029430	-0.139395	-0.082183	-0.091655	-0.028825	-0.046558	-0.041186	0.083774	
0.072055	0.101231	0.073192	-0.439352	-0.259354	0.053649	-0.056311	-0.060048	0.062117	-0.409281	0.457834	0.057770	-0.392175	-0.395085	-0.432726	-0.023303	-0.395600	0.078560	-0.427997	-0.036621	1.238562	-0.308639	0.064817	0.533286	0.048755	0.518731	0.045153	-0.305658	0.081968	0.558640	-0.423273	-0.420191	0.195156	0.247162	0.522793	0.527302	0.163316	0.017074	-0.250506	-0.063721	
-0.057476	-0.056749	-0.057588	0.295709	0.132108	-0.040740	0.056214	0.072203	-0.068284	0.277043	-0.266625	-0.055318	0.259159	0.259173	0.286677	0.032717	0.269055	-0.058434	0.294333	0.046340	-0.308639	0.739626	-0.054501	-0.368816	-0.053808	-0.367694	-0.043802	0.182960	-0.046052	-0.380667	0.281521	0.293264	-0.177191	-0.231527	-0.357710	-0.371486	-0.177335	-0.024190	0.135901	0.080442	
0.017101	0.007165	0.006496	-0.072014	-0.061952	0.005328	-0.042363	-0.024930	0.001141	-0.068906	0.057535	0.041932	-0.064894	-0.063031	-0.064564	-0.021435	-0.065690	0.015839	-0.085699	-0.041050	0.064817	-0.054501	0.326965	0.107227	-0.001761	0.099149	0.002015	-0.074327	0.015768	0.115812	-0.064028	-0.088512	0.033279	0.059862	0.082818	0.099496	0.006804	0.027138	-0.043792	-0.026754	
0.101467	0.102047	0.095749	-0.490582	-0.304695	0.075473	-0.101602	-0.135520	0.062805	-0.458840	0.463036	0.082994	-0.447220	-0.443802	-0.487272	-0.082106	-0.453023	0.099266	-0.483485	-0.083374	0.533286	-0.368816	0.107227	1.459330	0.077444	0.620549	0.076352	-0.363906	0.086822	0.678971	-0.475226	-0.478498	0.242645	0.345433	0.601623	0.621298	0.197253	0.066848	-0.269890	-0.140396	
0.021284	-0.011065	0.032319	-0.076947	-0.041094	0.024162	-0.039448	-0.032165	0.008110	-0.066593	0.053715	0.008706	-0.054870	-0.073108	-0.078908	-0.038130	-0.066377	0.010071	-0.065793	-0.028070	0.048755	-0.053808	-0.001761	0.077444	0.314005	0.087878	0.009937	-0.051023	0.023011	0.091945	-0.071062	-0.063541	0.036609	0.056048	0.084591	0.089533	0.032652	0.008378	-0.022174	-0.026213	
0.082830	0.100465	0.099996	-0.488297	-0.293077	0.074434	-0.092346	-0.118039	0.067798	-0.448529	0.469076	0.091112	-0.429884	-0.434766	-0.480490	-0.075338	-0.443781	0.096337	-0.475699	-0.078511	0.518731	-0.367694	0.099149	0.620549	0.087878	1.398285	0.079414	-0.351552	0.086777	0.640277	-0.469591	-0.471050	0.219243	0.321021	0.602851	0.610177	0.198925	0.041008	-0.271532	-0.117014	
-0.011159	-0.005754	0.003444	-0.063151	-0.055895	0.012931	-0.012576	-0.029182	0.015096	-0.046047	0.033275	0.013240	-0.057056	-0.048324	-0.049172	-0.009407	-0.030334	-0.001866	-0.048879	0.011847	0.045153	-0.043802	0.002015	0.076352	0.009937	0.079414	0.341178	-0.079100	-0.002493	0.083149	-0.058124	-0.053772	0.009354	0.042030	0.064935	0.085086	0.007885	0.001929	-0.044909	-0.016660	
-0.054394	-0.073287	-0.080568	0.259472	0.233837	-0.053968	0.061164	0.078281	-0.053938	0.255927	-0.266094	-0.059501	0.232613	0.228213	0.251658	0.053234	0.251605	-0.075357	0.257057	0.035040	-0.305658	0.182960	-0.074327	-0.363906	-0.051023	-0.351552	-0.079100	0.701320	-0.074462	-0.387096	0.242678	0.258155	-0.074170	-0.165101	-0.353416	-0.372255	-0.044316	-0.053786	0.170217	0.064505	
0.000717	0.003948	0.023939	-0.077667	-0.064217	0.029010	-0.026483	-0.036189	0.004984	-0.054701	0.059346	0.009577	-0.059832	-0.067775	-0.071203	-0.045729	-0.063418	0.010022	-0.058077	-0.032514	0.081968	-0.046052	0.015768	0.086822	0.023011	0.086777	-0.002493	-0.074462	0.296814	0.091633	-0.077010	-0.055250	0.010624	0.061187	0.093129	0.098274	0.011591	0.018010	-0.025869	-0.029801	
0.108151	0.104583	0.095665	-0.509765	-0.318165	0.072094	-0.110430	-0.139388	0.072818	-0.472959	0.474321	0.095971	-0.462736	-0.456245	-0.510202	-0.077531	-0.469163	0.105423	-0.494919	-0.095169	0.558640	-0.380667	0.115812	0.678971	0.091945	0.640277	0.083149	-0.387096	0.091633	1.558332	-0.498399	-0.498702	0.243189	0.357959	0.625438	0.651662	0.201159	0.063250	-0.284306	-0.145431	
-0.083545	-0.079522	-0.080411	0.393844	0.223269	-0.068830	0.052791	0.070465	-0.055826	0.356679	-0.384578	-0.053550	0.351366	0.340238	0.388240	0.037464	0.349171	-0.068700	0.373259	0.042408	-0.423273	0.281521	-0.064028	-0.475226	-0.071062	-0.469591	-0.058124	0.242678	-0.077010	-0.498399	0.895797	0.371799	-0.209131	-0.251731	-0.469206	-0.469838	-0.169333	-0.026313	0.216169	0.067968	
-0.074784	-0.073514	-0.075245	0.382706	0.208000	-0.049554	0.043030	0.070156	-0.049949	0.352802	-0.375599	-0.081088	0.336026	0.334503	0.377287	0.037898	0.349770	-0.075876	0.382245	0.044720	-0.420191	0.293264	-0.088512	-0.478498	-0.063541	-0.471050	-0.053772	0.258155	-0.055250	-0.498702	0.371799	0.860343	-0.215580	-0.245590	-0.458939	-0.470756	-0.163960	-0.028834	0.226901	0.069351	
0.033448	0.032718	0.021966	-0.208896	-0.055662	0.024167	-0.020245	-0.034307	0.027664	-0.194098	0.186294	0.026883	-0.193849	-0.182316	-0.208475	-0.009896	-0.200195	0.022643	-0.204138	-0.029430	0.195156	-0.177191	0.033279	0.242645	0.036609	0.219243	0.009354	-0.074170	0.010624	0.243189	-0.209131	-0.215580	0.525165	0.137098	0.228979	0.229703	0.142879	-0.002058	-0.103166	-0.044318	
0.042953	0.055761	0.058957	-0.254599	-0.144027	0.066492	-0.128540	-0.133043	0.039210	-0.230304	0.164916	0.053584	-0.234609	-0.227258	-0.252174	-0.107906	-0.229398	0.048168	-0.241991	-0.139395	0.247162	-0.231527	0.059862	0.345433	0.056048	0.321021	0.042030	-0.165101	0.061187	0.357959	-0.251731	-0.245590	0.137098	0.823342	0.324491	0.336114	0.115759	0.048936	-0.034867	-0.142749	
0.103266	0.112987	0.108768	-0.478618	-0.298075	0.080203	-0.105426	-0.125673	0.084171	-0.453000	0.455838	0.085407	-0.438623	-0.428065	-0.483522	-0.082397	-0.447995	0.089047	-0.459561	-0.082183	0.522793	-0.357710	0.082818	0.601623	0.084591	0.602851	0.064935	-0.353416	0.093129	0.625438	-0.469206	-0.458939	0.228979	0.324491	1.384296	0.602171	0.216332	0.048809	-0.265346	-0.123037	
0.095056	0.102881	0.109400	-0.490967	-0.312307	0.083746	-0.108530	-0.119162	0.075191	-0.459112	0.465405	0.094425	-0.433687	-0.432860	-0.479483	-0.079349	-0.448230	0.099665	-0.473047	-0.091655	0.527302	-0.371486	0.099496	0.621298	0.089533	0.610177	0.085086	-0.372255	0.098274	0.651662	-0.469838	-0.470756	0.229703	0.336114	0.602171	1.392533	0.186571	0.040922	-0.264737	-0.122881	
0.025876	0.012712	0.021734	-0.185498	-0.031235	0.010304	-0.021605	-0.047359	0.034100	-0.163396	0.166500	0.007004	-0.179331	-0.162885	-0.191057	-0.013786	-0.167812	0.011861	-0.179298	-0.028825	0.163316	-0.177335	0.006804	0.197253	0.032652	0.198925	0.007885	-0.044316	0.011591	0.201159	-0.169333	-0.163960	0.142879	0.115759	0.216332	0.186571	0.600746	-0.009018	-0.083286	-0.052256	
0.015123	0.019509	0.009177	-0.026936	-0.039040	0.003230	-0.043288	-0.048983	0.000696	-0.037805	-0.010049	0.009547	-0.028591	-0.029038	-0.033580	-0.044168	-0.029609	0.014487	-0.037688	-0.046558	0.017074	-0.024190	0.027138	0.066848	0.008378	0.041008	0.001929	-0.053786	0.018010	0.063250	-0.026313	-0.028834	-0.002058	0.048936	0.048809	0.040922	-0.009018	0.358656	0.004767	-0.038635	
-0.051939	-0.045893	-0.038115	0.214900	0.131261	-0.006177	-0.030142	-0.023028	-0.028888	0.207630	-0.284335	-0.047637	0.186792	0.188814	0.223050	-0.044736	0.208309	-0.032658	0.216301	-0.041186	-0.250506	0.135901	-0.043792	-0.269890	-0.022174	-0.271532	-0.044909	0.170217	-0.025869	-0.284306	0.216169	0.226901	-0.103166	-0.034867	-0.265346	-0.264737	-0.083286	0.004767	0.671994	-0.027894	
-0.026345	-0.039649	-0.032114	0.077741	0.044946	-0.032869	0.090196	0.095291	-0.030269	0.075810	-0.017662	-0.020267	0.062705	0.065049	0.067125	0.060218	0.057807	-0.027980	0.070855	0.083774	-0.063721	0.080442	-0.026754	-0.140396	-0.026213	-0.117014	-0.016660	0.064505	-0.029801	-0.145431	0.067968	0.069351	-0.044318	-0.142749	-0.123037	-0.122881	-0.052256	-0.038635	-0.027894	0.422265	
